9.444444444444442865e+00 4.496494006798646303e+00 4.366851040428975317e+00 -4.496494006798646303e+00 -4.366851040428975317e+00
9.444444444444442865e+00 4.496494006798646303e+00 4.366851040428975317e+00 -4.496494006798646303e+00 -4.366851040428975317e+00
1.008888888888888857e+01 4.641310818847997233e+00 4.496598516244972643e+00 -4.641310818847997233e+00 -4.496598516244972643e+00
1.073333333333333250e+01 4.773366200714628249e+00 4.616284430194824928e+00 -4.773366200714628249e+00 -4.616284430194824928e+00
1.137777777777777644e+01 4.894078545578413042e+00 4.726555352604528082e+00 -4.894078545578413930e+00 -4.726555352604528082e+00
1.202222222222222214e+01 5.004555735598702704e+00 4.827981245211865335e+00 -5.004555735598702704e+00 -4.827981245211865335e+00
1.266666666666666607e+01 5.105684718377966114e+00 4.921065021214873880e+00 -5.105684718377966114e+00 -4.921065021214873880e+00
1.331111111111111001e+01 5.198191248819550303e+00 5.006252208592770536e+00 -5.198191248819550303e+00 -5.006252208592770536e+00
1.395555555555555394e+01 5.282680756672743172e+00 5.083939562950960500e+00 -5.282680756672743172e+00 -5.083939562950960500e+00
1.459999999999999787e+01 5.359666923447441000e+00 5.154482336006386944e+00 -5.359666923447441000e+00 -5.154482336006386944e+00
1.459999999999999787e+01 5.359666923447441000e+00 5.154482336006386944e+00 -5.359666923447441000e+00 -5.154482336006386944e+00
1.524444444444444358e+01 5.429592047386317510e+00 5.218200240673753321e+00 -5.429592047386317510e+00 -5.218200240673753321e+00
1.588888888888888751e+01 5.492841794238297659e+00 5.275382268693128651e+00 -5.492841794238297659e+00 -5.275382268693129539e+00
1.653333333333333144e+01 5.549756030024072473e+00 5.326290540791325689e+00 -5.549756030024072473e+00 -5.326290540791325689e+00
1.717777777777777715e+01 5.600636868349011976e+00 5.371163357866759469e+00 -5.600636868349011976e+00 -5.371163357866759469e+00
1.782222222222222285e+01 5.645754703779085837e+00 5.410217598397808025e+00 -5.645754703779085837e+00 -5.410217598397808025e+00
1.846666666666666501e+01 5.685352766306807304e+00 5.443650582126408288e+00 -5.685352766306808192e+00 -5.443650582126408288e+00
1.911111111111111072e+01 5.719650573789879289e+00 5.471641496894399381e+00 -5.719650573789879289e+00 -5.471641496894399381e+00
1.975555555555555287e+01 5.748846551419411810e+00 5.494352465481554759e+00 -5.748846551419411810e+00 -5.494352465481555647e+00
2.039999999999999858e+01 5.773120012385990485e+00 5.511929312466194553e+00 -5.773120012385990485e+00 -5.511929312466194553e+00
2.039999999999999858e+01 5.773120012385990485e+00 5.511929312466194553e+00 -5.773120012385990485e+00 -5.511929312466194553e+00
2.104444444444444429e+01 5.792632640952597001e+00 5.524502077127339206e+00 -5.792632640952597001e+00 -5.524502077127338318e+00
2.168888888888888644e+01 5.807529581004356345e+00 5.532185306733960140e+00 -5.807529581004356345e+00 -5.532185306733960140e+00
2.233333333333333215e+01 5.817940205141487908e+00 5.535078154718511279e+00 -5.817940205141487908e+00 -5.535078154718511279e+00
2.297777777777777430e+01 5.823978618368691684e+00 5.533264299750555004e+00 -5.823978618368691684e+00 -5.533264299750554116e+00
2.362222222222222001e+01 5.825743934247603839e+00 5.526811694196724467e+00 -5.825743934247602063e+00 -5.526811694196724467e+00
2.426666666666666572e+01 5.823320348493933984e+00 5.515772143501820324e+00 -5.823320348493933984e+00 -5.515772143501820324e+00
2.491111111111110787e+01 5.816777024298739107e+00 5.500180711296289715e+00 -5.816777024298739107e+00 -5.500180711296289715e+00
2.555555555555555358e+01 5.806167794273992655e+00 5.480054938174514056e+00 -5.806167794273992655e+00 -5.480054938174514056e+00
2.619999999999999574e+01 5.791530675150991847e+00 5.455393854714552404e+00 -5.791530675150991847e+00 -5.455393854714552404e+00
2.619999999999999574e+01 5.791530675150991847e+00 5.455393854714552404e+00 -5.791530675150991847e+00 -5.455393854714552404e+00
2.684444444444444144e+01 5.772887182546051044e+00 5.426176760989869230e+00 -5.772887182546051932e+00 -5.426176760989868342e+00
2.748888888888888715e+01 5.750241423586114564e+00 5.392361735026796055e+00 -5.750241423586114564e+00 -5.392361735026796055e+00
2.813333333333332931e+01 5.723581335248585589e+00 5.353886159910140385e+00 -5.723581335248585589e+00 -5.353886159910140385e+00
2.877777777777777501e+01 5.692887984172785742e+00 5.310674991404700229e+00 -5.692887984172785742e+00 -5.310674991404700229e+00
2.942222222222222072e+01 5.658109792144026429e+00 5.262614740101446920e+00 -5.658109792144026429e+00 -5.262614740101447808e+00
3.006666666666666288e+01 5.619168831415594312e+00 5.209558602695742557e+00 -5.619168831415594312e+00 -5.209558602695742557e+00
3.071111111111110858e+01 5.575960360391826853e+00 5.151324817669002520e+00 -5.575960360391826853e+00 -5.151324817669002520e+00
3.135555555555555429e+01 5.528349209050239743e+00 5.087691748324300711e+00 -5.528349209050239743e+00 -5.087691748324300711e+00
3.199999999999999645e+01 5.476165213546996036e+00 5.018391800660970681e+00 -5.476165213546996036e+00 -5.018391800660969793e+00
3.199999999999999645e+01 5.476165213546996036e+00 5.018391800660970681e+00 -5.476165213546996036e+00 -5.018391800660969793e+00
3.264444444444444571e+01 5.419197394497499154e+00 4.943103838607151523e+00 -5.419197394497499154e+00 -4.943103838607151523e+00
3.328888888888888431e+01 5.357186445655279350e+00 4.861443636664513512e+00 -5.357186445655279350e+00 -4.861443636664513512e+00
3.393333333333333002e+01 5.289814906957808205e+00 4.772951734351239317e+00 -5.289814906957808205e+00 -4.772951734351239317e+00
3.457777777777777573e+01 5.216694098275471703e+00 4.677077800704003252e+00 -5.216694098275471703e+00 -4.677077800704003252e+00
3.522222222222222143e+01 5.137346418903961265e+00 4.573160237242584358e+00 -5.137346418903961265e+00 -4.573160237242584358e+00
3.586666666666666003e+01 5.051180850703062220e+00 4.460399174352431828e+00 -5.051180850703062220e+00 -4.460399174352431828e+00
3.651111111111110574e+01 4.957458215586515671e+00 4.337820134472981870e+00 -4.957458215586515671e+00 -4.337820134472980982e+00
3.715555555555555145e+01 4.855240504204497043e+00 4.204224255714271052e+00 -4.855240504204497043e+00 -4.204224255714271052e+00
3.779999999999999716e+01 4.743314567195906939e+00 4.058118774340035095e+00 -4.743314567195906939e+00 -4.058118774340035095e+00
3.779999999999999716e+01 4.743314567195906939e+00 4.058118774340035095e+00 -4.743314567195906939e+00 -4.058118774340035095e+00
3.844444444444444287e+01 4.620072892909394824e+00 3.897617929960923711e+00 -4.620072892909395712e+00 -3.897617929960923266e+00
3.908888888888888857e+01 4.483319271395100003e+00 3.720298759944900890e+00 -4.483319271395099115e+00 -3.720298759944900446e+00
3.973333333333332718e+01 4.329936059311021879e+00 3.522987309799745947e+00 -4.329936059311021879e+00 -3.522987309799745947e+00
4.037777777777777288e+01 4.155280814864740435e+00 3.301438253601353789e+00 -4.155280814864740435e+00 -3.301438253601353789e+00
4.102222222222221859e+01 3.952015596684860022e+00 3.049861116290375485e+00 -3.952015596684860022e+00 -3.049861116290375929e+00
4.166666666666666430e+01 3.707645003254229632e+00 2.760283694407009492e+00 -3.707645003254229632e+00 -2.760283694407009492e+00
4.231111111111111001e+01 3.398812968428579939e+00 2.422083291287211448e+00 -3.398812968428579495e+00 -2.422083291287211892e+00
4.295555555555554861e+01 2.976455786437522733e+00 2.024204441042710023e+00 -2.976455786437522733e+00 -2.024204441042710023e+00
4.359999999999999432e+01 2.321452723751606939e+00 1.578216626376456100e+00 -2.321452723751606495e+00 -1.578216626376456100e+00
4.359999999999999432e+01 2.321452723751606939e+00 1.578216626376456100e+00 -2.321452723751606495e+00 -1.578216626376456100e+00
4.424444444444444002e+01 1.130327668337798963e+00 1.360094806775114629e+00 -1.130327668337798963e+00 -1.360094806775114629e+00
4.488888888888888573e+01 2.845913536884311368e-01 2.263623401187150552e+00 -2.845913536884311368e-01 -2.263623401187150552e+00
4.553333333333333144e+01 3.203693221095062493e-01 2.800711924892697713e+00 -3.203693221095061938e-01 -2.800711924892697713e+00
4.617777777777777004e+01 6.165752101118745498e-01 2.958132243495248392e+00 -6.165752101118745498e-01 -2.958132243495248392e+00
4.682222222222221575e+01 7.343420598587226955e-01 1.050885807739649458e+00 -7.343420598587228065e-01 -1.050885807739649458e+00
4.746666666666666146e+01 5.468464579252044766e-01 -2.838695304694237809e+00 -5.468464579252044766e-01 2.838695304694238253e+00
4.811111111111110716e+01 3.216020176355110505e-01 -2.404305642348461447e+00 -3.216020176355111615e-01 2.404305642348461003e+00
4.875555555555555287e+01 9.271776333322657715e-01 -9.862046054418520669e-01 -9.271776333322657715e-01 9.862046054418520669e-01
4.939999999999999147e+01 2.909555740150528536e+00 -1.255006734184296091e+00 -2.909555740150528980e+00 1.255006734184295869e+00
4.939999999999999147e+01 2.909555740150528536e+00 -1.255006734184296091e+00 -2.909555740150528980e+00 1.255006734184295869e+00
5.004444444444443718e+01 3.895166039063493013e+00 -1.997493884517509866e+00 -3.895166039063493013e+00 1.997493884517509866e+00
5.068888888888888289e+01 4.550391306090871169e+00 -2.652638527802823276e+00 -4.550391306090871169e+00 2.652638527802823276e+00
5.133333333333332860e+01 5.077755625775965065e+00 -3.224640304907530286e+00 -5.077755625775965065e+00 3.224640304907530286e+00
5.197777777777777430e+01 5.549132135202051508e+00 -3.741864193990874998e+00 -5.549132135202051508e+00 3.741864193990874998e+00
5.262222222222222001e+01 5.995184530045829518e+00 -4.224909887112628049e+00 -5.995184530045828630e+00 4.224909887112628049e+00
5.326666666666665861e+01 6.431452984973240916e+00 -4.687538362632930777e+00 -6.431452984973241804e+00 4.687538362632930777e+00
5.391111111111110432e+01 6.867165768875617360e+00 -5.139296171087428533e+00 -6.867165768875617360e+00 5.139296171087428533e+00
5.455555555555555003e+01 7.308680091917667099e+00 -5.587253524364419022e+00 -7.308680091917666211e+00 5.587253524364419022e+00
5.519999999999999574e+01 7.761015013165295073e+00 -6.037046510863531168e+00 -7.761015013165295073e+00 6.037046510863530280e+00
5.519999999999999574e+01 7.761015013165295073e+00 -6.037046510863531168e+00 -7.761015013165295073e+00 6.037046510863530280e+00
5.584444444444444144e+01 8.228629137961464224e+00 -6.493517837693134176e+00 -8.228629137961464224e+00 6.493517837693134176e+00
5.648888888888888005e+01 8.715878083733581860e+00 -6.961139171303505790e+00 -8.715878083733581860e+00 6.961139171303505790e+00
5.713333333333332575e+01 9.227337200953286356e+00 -7.444319786881201217e+00 -9.227337200953286356e+00 7.444319786881201217e+00
5.777777777777777146e+01 9.768081348730520475e+00 -7.947664248722876579e+00 -9.768081348730522251e+00 7.947664248722876579e+00
5.842222222222221717e+01 1.034397872716099798e+01 -8.476221959628126967e+00 -1.034397872716099620e+01 8.476221959628126967e+00
5.906666666666666288e+01 1.096204771480352846e+01 -9.035764956600312203e+00 -1.096204771480352846e+01 9.035764956600312203e+00
5.971111111111110858e+01 1.163093487752998101e+01 -9.633134000067810732e+00 -1.163093487752998101e+01 9.633134000067810732e+00
6.035555555555554719e+01 1.236160022094575339e+01 -1.027670777390519241e+01 -1.236160022094575339e+01 1.027670777390519063e+01
6.099999999999999289e+01 1.316835390801574412e+01 -1.097708185972871497e+01 -1.316835390801574412e+01 1.097708185972871675e+01
6.099999999999999289e+01 1.316835390801574412e+01 -1.097708185972871497e+01 -1.316835390801574412e+01 1.097708185972871675e+01
6.164444444444443860e+01 1.407050652879543762e+01 -1.174810808845746024e+01 -1.407050652879543584e+01 1.174810808845746024e+01
6.228888888888888431e+01 1.509514434507951286e+01 -1.260857653176940119e+01 -1.509514434507951286e+01 1.260857653176940119e+01
6.293333333333333002e+01 1.628210785940435201e+01 -1.358511084818543146e+01 -1.628210785940435201e+01 1.358511084818543146e+01
6.357777777777776862e+01 1.769367101433742206e+01 -1.471753723640874512e+01 -1.769367101433741851e+01 1.471753723640874689e+01
6.422222222222221433e+01 1.943544632650464621e+01 -1.606983695555747005e+01 -1.943544632650464621e+01 1.606983695555747005e+01
6.486666666666666003e+01 2.170861508320795608e+01 -1.775559224310642747e+01 -2.170861508320795608e+01 1.775559224310642747e+01
6.551111111111110574e+01 2.497243347025901983e+01 -2.000962979919055229e+01 -2.497243347025901983e+01 2.000962979919054519e+01
6.615555555555555145e+01 3.068743198596941468e+01 -2.346746233055138831e+01 -3.068743198596941468e+01 2.346746233055138831e+01
6.679999999999999716e+01 5.131122280448964545e+01 -3.171764492577128536e+01 -5.131122280448964545e+01 3.171764492577128536e+01
