9.444444444444442865e+00 2.408960038271782622e+00 4.834674270399341722e+00 -2.408960038271782622e+00 -4.834674270399341722e+00
9.444444444444442865e+00 2.408960038271782622e+00 4.834674270399341722e+00 -2.408960038271782622e+00 -4.834674270399341722e+00
1.008888888888888857e+01 2.407879586712188047e+00 4.949866550217000949e+00 -2.407879586712188491e+00 -4.949866550217001837e+00
1.073333333333333250e+01 2.405149978265405775e+00 5.053386568416796010e+00 -2.405149978265406219e+00 -5.053386568416795122e+00
1.137777777777777644e+01 2.401613958577480279e+00 5.146957501842168270e+00 -2.401613958577480279e+00 -5.146957501842168270e+00
1.202222222222222214e+01 2.397830453257887573e+00 5.231966611806510237e+00 -2.397830453257887129e+00 -5.231966611806510237e+00
1.266666666666666607e+01 2.394175743562644953e+00 5.309541948672778844e+00 -2.394175743562644509e+00 -5.309541948672778844e+00
1.331111111111111001e+01 2.390906375656907557e+00 5.380609862055846904e+00 -2.390906375656907557e+00 -5.380609862055846904e+00
1.395555555555555394e+01 2.388199224104919693e+00 5.445938148012340996e+00 -2.388199224104919693e+00 -5.445938148012340996e+00
1.459999999999999787e+01 2.386177562619175241e+00 5.506168592338009482e+00 -2.386177562619175241e+00 -5.506168592338009482e+00
1.459999999999999787e+01 2.386177562619175241e+00 5.506168592338009482e+00 -2.386177562619175241e+00 -5.506168592338009482e+00
1.524444444444444358e+01 2.384928365099183267e+00 5.561841698090351116e+00 -2.384928365099183267e+00 -5.561841698090351116e+00
1.588888888888888751e+01 2.384513996305978711e+00 5.613415627497553295e+00 -2.384513996305978711e+00 -5.613415627497553295e+00
1.653333333333333144e+01 2.384980247455398938e+00 5.661280828851051439e+00 -2.384980247455398938e+00 -5.661280828851051439e+00
1.717777777777777715e+01 2.386361952577055412e+00 5.705771415019021298e+00 -2.386361952577055412e+00 -5.705771415019021298e+00
1.782222222222222285e+01 2.388686982163117367e+00 5.747174070672230961e+00 -2.388686982163117367e+00 -5.747174070672230961e+00
1.846666666666666501e+01 2.391979136997775424e+00 5.785735057616511412e+00 -2.391979136997775424e+00 -5.785735057616511412e+00
1.911111111111111072e+01 2.396260291557781308e+00 5.821665737832690368e+00 -2.396260291557781308e+00 -5.821665737832690368e+00
1.975555555555555287e+01 2.401552024615214886e+00 5.855146924861587721e+00 -2.401552024615214886e+00 -5.855146924861588609e+00
2.039999999999999858e+01 2.407876901712405537e+00 5.886332294009815946e+00 -2.407876901712405093e+00 -5.886332294009815946e+00
2.039999999999999858e+01 2.407876901712405537e+00 5.886332294009815946e+00 -2.407876901712405093e+00 -5.886332294009815946e+00
2.104444444444444429e+01 2.415259526050063776e+00 5.915351022024445626e+00 -2.415259526050064220e+00 -5.915351022024445626e+00
2.168888888888888644e+01 2.423727442388847741e+00 5.942309781399885082e+00 -2.423727442388848186e+00 -5.942309781399885082e+00
2.233333333333333215e+01 2.433311957384517665e+00 5.967294179040833590e+00 -2.433311957384517665e+00 -5.967294179040833590e+00
2.297777777777777430e+01 2.444048925910204062e+00 5.990369700465508984e+00 -2.444048925910204062e+00 -5.990369700465508984e+00
2.362222222222222001e+01 2.455979544160384886e+00 6.011582196707854209e+00 -2.455979544160384442e+00 -6.011582196707854209e+00
2.426666666666666572e+01 2.469151185267735915e+00 6.030957929666304729e+00 -2.469151185267736359e+00 -6.030957929666305617e+00
2.491111111111110787e+01 2.483618310900296500e+00 6.048503171211292440e+00 -2.483618310900296056e+00 -6.048503171211292440e+00
2.555555555555555358e+01 2.499443492288640378e+00 6.064203330354921206e+00 -2.499443492288639934e+00 -6.064203330354922095e+00
2.619999999999999574e+01 2.516698576035083512e+00 6.078021559566173515e+00 -2.516698576035083512e+00 -6.078021559566173515e+00
2.619999999999999574e+01 2.516698576035083512e+00 6.078021559566173515e+00 -2.516698576035083512e+00 -6.078021559566173515e+00
2.684444444444444144e+01 2.535466033699803390e+00 6.089896763971379912e+00 -2.535466033699802946e+00 -6.089896763971380800e+00
2.748888888888888715e+01 2.555840539437542969e+00 6.099740903291386296e+00 -2.555840539437542969e+00 -6.099740903291386296e+00
2.813333333333332931e+01 2.577931388168810400e+00 6.107437655234757123e+00 -2.577931388168810400e+00 -6.107437655234757123e+00
2.877777777777777501e+01 2.601867265559510312e+00 6.112847944131186040e+00 -2.601867265559510312e+00 -6.112847944131186040e+00
2.942222222222222072e+01 2.627793318141867118e+00 6.115781986615811405e+00 -2.627793318141868006e+00 -6.115781986615810517e+00
3.006666666666666288e+01 2.655876198672692201e+00 6.115999293064728448e+00 -2.655876198672692201e+00 -6.115999293064728448e+00
3.071111111111110858e+01 2.686308285322546396e+00 6.113200825709772523e+00 -2.686308285322546396e+00 -6.113200825709772523e+00
3.135555555555555429e+01 2.719311984892505585e+00 6.107015850152718528e+00 -2.719311984892505585e+00 -6.107015850152718528e+00
3.199999999999999645e+01 2.755144733973665438e+00 6.096984609393579113e+00 -2.755144733973665438e+00 -6.096984609393578225e+00
3.199999999999999645e+01 2.755144733973665438e+00 6.096984609393579113e+00 -2.755144733973665438e+00 -6.096984609393578225e+00
3.264444444444444571e+01 2.794104685791876541e+00 6.082535263148193039e+00 -2.794104685791876985e+00 -6.082535263148193927e+00
3.328888888888888431e+01 2.836536919016070968e+00 6.062952841473528309e+00 -2.836536919016070968e+00 -6.062952841473528309e+00
3.393333333333333002e+01 2.882839683178556545e+00 6.037336919763775178e+00 -2.882839683178556989e+00 -6.037336919763775178e+00
3.457777777777777573e+01 2.933469536147633949e+00 6.004543144761930407e+00 -2.933469536147634393e+00 -6.004543144761930407e+00
3.522222222222222143e+01 2.988942899876443793e+00 5.963101345461691238e+00 -2.988942899876443793e+00 -5.963101345461691238e+00
3.586666666666666003e+01 3.049828897990584320e+00 5.911099343547148166e+00 -3.049828897990584320e+00 -5.911099343547148166e+00
3.651111111111110574e+01 3.116723017873093582e+00 5.846016227233672424e+00 -3.116723017873093138e+00 -5.846016227233672424e+00
3.715555555555555145e+01 3.190180540047786284e+00 5.764481364832399812e+00 -3.190180540047786728e+00 -5.764481364832399812e+00
3.779999999999999716e+01 3.270567765168389318e+00 5.661926303495856239e+00 -3.270567765168389318e+00 -5.661926303495856239e+00
3.779999999999999716e+01 3.270567765168389318e+00 5.661926303495856239e+00 -3.270567765168389318e+00 -5.661926303495856239e+00
3.844444444444444287e+01 3.357748833758103402e+00 5.532089699293312179e+00 -3.357748833758103846e+00 -5.532089699293312179e+00
3.908888888888888857e+01 3.450452702936093630e+00 5.366343457511648651e+00 -3.450452702936093630e+00 -5.366343457511649540e+00
3.973333333333332718e+01 3.545045811070396624e+00 5.152863699260234576e+00 -3.545045811070397068e+00 -5.152863699260233687e+00
4.037777777777777288e+01 3.633280889577092942e+00 4.875829344604226456e+00 -3.633280889577092942e+00 -4.875829344604225568e+00
4.102222222222221859e+01 3.698454499606221191e+00 4.515129550148059501e+00 -3.698454499606221191e+00 -4.515129550148059501e+00
4.166666666666666430e+01 3.709235358285994710e+00 4.047403433821232355e+00 -3.709235358285994710e+00 -4.047403433821232355e+00
4.231111111111111001e+01 3.609421371665219258e+00 3.449637003491071940e+00 -3.609421371665218814e+00 -3.449637003491071052e+00
4.295555555555554861e+01 3.297328900235808824e+00 2.708853848619849458e+00 -3.297328900235807492e+00 -2.708853848619849458e+00
4.359999999999999432e+01 2.568366903012726521e+00 1.855548535716999625e+00 -2.568366903012725633e+00 -1.855548535717000069e+00
4.359999999999999432e+01 2.568366903012726521e+00 1.855548535716999625e+00 -2.568366903012725633e+00 -1.855548535717000069e+00
4.424444444444444002e+01 8.122009771598123207e-01 1.314001498909467713e+00 -8.122009771598120986e-01 -1.314001498909467713e+00
4.488888888888888573e+01 2.400088420152904078e-01 -2.700862060412584142e+00 -2.400088420152903801e-01 2.700862060412585031e+00
4.553333333333333144e+01 4.018084697473559563e-01 -3.539644836067413980e+00 -4.018084697473571221e-01 3.539644836067405098e+00
4.617777777777777004e+01 1.997014732086540123e+00 -3.120872817770505403e+00 -1.997014732086549227e+00 3.120872817770515173e+00
4.746666666666666146e+01 1.930158153779809149e+00 2.900016218732237139e+00 -1.930158153779812036e+00 -2.900016218732240247e+00
4.811111111111110716e+01 6.795041574080720181e-01 3.431275162503488740e+00 -6.795041574080686875e-01 -3.431275162503466536e+00
4.875555555555555287e+01 4.990823667445658945e-02 6.482098404212429665e-01 -4.990823667445658252e-02 -6.482098404212436327e-01
4.939999999999999147e+01 3.568015887810939368e+00 -1.397685327442618863e+00 -3.568015887810940256e+00 1.397685327442618197e+00
4.939999999999999147e+01 3.568015887810939368e+00 -1.397685327442618863e+00 -3.568015887810940256e+00 1.397685327442618197e+00
5.004444444444443718e+01 4.866724999784672434e+00 -2.707185655763161503e+00 -4.866724999784673322e+00 2.707185655763161503e+00
5.068888888888888289e+01 5.582021148381230091e+00 -3.939385004416198655e+00 -5.582021148381230091e+00 3.939385004416198655e+00
5.133333333333332860e+01 6.001632435437308288e+00 -5.042304190823546861e+00 -6.001632435437307400e+00 5.042304190823547749e+00
5.197777777777777430e+01 6.265259302271830144e+00 -6.027816105779758793e+00 -6.265259302271830144e+00 6.027816105779759681e+00
5.262222222222222001e+01 6.446066146456470136e+00 -6.922241904473062313e+00 -6.446066146456470136e+00 6.922241904473062313e+00
5.326666666666665861e+01 6.584069363254850593e+00 -7.750881984971869976e+00 -6.584069363254850593e+00 7.750881984971869976e+00
5.391111111111110432e+01 6.702429370143251575e+00 -8.534719816535982773e+00 -6.702429370143249798e+00 8.534719816535982773e+00
6.551111111111110574e+01 9.481546381385312472e+00 2.682890382323628486e+01 -9.481546381385308919e+00 -2.682890382323628842e+01
6.679999999999999716e+01 1.982480291641184422e+01 5.826010703507602528e+01 -1.982480291641184778e+01 -5.826010703507601818e+01
