9.444444444444442865e+00 1.671211675755472026e+00 2.860332773844067589e+00 -1.671211675755472470e+00 -2.860332773844067589e+00
9.444444444444442865e+00 1.671211675755472026e+00 2.860332773844067589e+00 -1.671211675755472470e+00 -2.860332773844067589e+00
1.008888888888888857e+01 1.694280908127596241e+00 2.955213800842122485e+00 -1.694280908127596685e+00 -2.955213800842122485e+00
1.073333333333333250e+01 1.710983629124233962e+00 3.040495982238962114e+00 -1.710983629124234406e+00 -3.040495982238961670e+00
1.137777777777777644e+01 1.723300591508684976e+00 3.117354760106148870e+00 -1.723300591508685198e+00 -3.117354760106148426e+00
1.202222222222222214e+01 1.732598864585622289e+00 3.186831342760909624e+00 -1.732598864585622511e+00 -3.186831342760909624e+00
1.266666666666666607e+01 1.739838637974315150e+00 3.249823504717289424e+00 -1.739838637974315372e+00 -3.249823504717289424e+00
1.331111111111111001e+01 1.745705497109811155e+00 3.307096200957104770e+00 -1.745705497109811155e+00 -3.307096200957104770e+00
1.395555555555555394e+01 1.750696601640318484e+00 3.359298287959088025e+00 -1.750696601640318484e+00 -3.359298287959088025e+00
1.459999999999999787e+01 1.755177859181201727e+00 3.406979723431081464e+00 -1.755177859181201283e+00 -3.406979723431081464e+00
1.459999999999999787e+01 1.755177859181201727e+00 3.406979723431081464e+00 -1.755177859181201283e+00 -3.406979723431081464e+00
1.524444444444444358e+01 1.759422523836307262e+00 3.450607123651141528e+00 -1.759422523836307262e+00 -3.450607123651141528e+00
1.588888888888888751e+01 1.763637690693972138e+00 3.490577065260978884e+00 -1.763637690693972582e+00 -3.490577065260978440e+00
1.653333333333333144e+01 1.767982771260838692e+00 3.527227140333940358e+00 -1.767982771260838692e+00 -3.527227140333940358e+00
1.717777777777777715e+01 1.772582572713038207e+00 3.560845002675535831e+00 -1.772582572713037763e+00 -3.560845002675536275e+00
1.782222222222222285e+01 1.777536693042681915e+00 3.591675701507719420e+00 -1.777536693042681692e+00 -3.591675701507719864e+00
1.846666666666666501e+01 1.782926367449461313e+00 3.619927586366189498e+00 -1.782926367449461313e+00 -3.619927586366189942e+00
1.911111111111111072e+01 1.788819530315864714e+00 3.645777029296689342e+00 -1.788819530315864714e+00 -3.645777029296689342e+00
1.975555555555555287e+01 1.795274614786508627e+00 3.669372166916951450e+00 -1.795274614786508627e+00 -3.669372166916951450e+00
2.039999999999999858e+01 1.802343451398002339e+00 3.690835823553198392e+00 -1.802343451398002117e+00 -3.690835823553198392e+00
2.039999999999999858e+01 1.802343451398002339e+00 3.690835823553198392e+00 -1.802343451398002117e+00 -3.690835823553198392e+00
2.104444444444444429e+01 1.810073519306737433e+00 3.710267740073063258e+00 -1.810073519306737211e+00 -3.710267740073063258e+00
2.168888888888888644e+01 1.818509730155166926e+00 3.727746201481340727e+00 -1.818509730155166704e+00 -3.727746201481340727e+00
2.233333333333333215e+01 1.827695873816362226e+00 3.743329129101195640e+00 -1.827695873816362226e+00 -3.743329129101195196e+00
2.297777777777777430e+01 1.837675819557418322e+00 3.757054679147723064e+00 -1.837675819557418100e+00 -3.757054679147723064e+00
2.362222222222222001e+01 1.848494540503449191e+00 3.768941367510933116e+00 -1.848494540503449413e+00 -3.768941367510933116e+00
2.426666666666666572e+01 1.860199010185203505e+00 3.778987719357981501e+00 -1.860199010185203727e+00 -3.778987719357981501e+00
2.491111111111110787e+01 1.872839004888164682e+00 3.787171420435945901e+00 -1.872839004888164904e+00 -3.787171420435945901e+00
2.555555555555555358e+01 1.886467832482888740e+00 3.793447923282626810e+00 -1.886467832482888518e+00 -3.793447923282627254e+00
2.619999999999999574e+01 1.901142995579703898e+00 3.797748434288529040e+00 -1.901142995579703676e+00 -3.797748434288529040e+00
2.619999999999999574e+01 1.901142995579703898e+00 3.797748434288529040e+00 -1.901142995579703676e+00 -3.797748434288529040e+00
2.684444444444444144e+01 1.916926782258535411e+00 3.799977174703136118e+00 -1.916926782258535411e+00 -3.799977174703136118e+00
2.748888888888888715e+01 1.933886758832884523e+00 3.800007767733515784e+00 -1.933886758832884745e+00 -3.800007767733515784e+00
2.813333333333332931e+01 1.952096564621570662e+00 3.797680071650659794e+00 -1.952096564621570662e+00 -3.797680071650659794e+00
2.877777777777777501e+01 1.971638103054428104e+00 3.792801115624546693e+00 -1.971638103054428548e+00 -3.792801115624546249e+00
2.942222222222222072e+01 1.992596823142242846e+00 3.785122373542274321e+00 -1.992596823142242846e+00 -3.785122373542274321e+00
3.006666666666666288e+01 2.015062371480256687e+00 3.774335163352320777e+00 -2.015062371480257575e+00 -3.774335163352320777e+00
3.071111111111110858e+01 2.039127125249512229e+00 3.760059487051484517e+00 -2.039127125249512229e+00 -3.760059487051484517e+00
3.135555555555555429e+01 2.064882655525898336e+00 3.741827740596531449e+00 -2.064882655525898780e+00 -3.741827740596531449e+00
3.199999999999999645e+01 2.092413607474138626e+00 3.719063741054334571e+00 -2.092413607474138626e+00 -3.719063741054334127e+00
3.199999999999999645e+01 2.092413607474138626e+00 3.719063741054334571e+00 -2.092413607474138626e+00 -3.719063741054334127e+00
3.264444444444444571e+01 2.121787474486483749e+00 3.691055700998529421e+00 -2.121787474486484637e+00 -3.691055700998529421e+00
3.328888888888888431e+01 2.153037859627046746e+00 3.656921445288388473e+00 -2.153037859627046302e+00 -3.656921445288388917e+00
3.393333333333333002e+01 2.186137431683067955e+00 3.615563857750816013e+00 -2.186137431683067955e+00 -3.615563857750816013e+00
3.457777777777777573e+01 2.220954634881074696e+00 3.565614415277719829e+00 -2.220954634881073808e+00 -3.565614415277719829e+00
3.522222222222222143e+01 2.257184949796164020e+00 3.505363033325004096e+00 -2.257184949796164020e+00 -3.505363033325003652e+00
3.586666666666666003e+01 2.294242710333409541e+00 3.432673915839379308e+00 -2.294242710333409985e+00 -3.432673915839379752e+00
3.651111111111110574e+01 2.331092767667143129e+00 3.344890699268578516e+00 -2.331092767667142684e+00 -3.344890699268578960e+00
3.715555555555555145e+01 2.365992447277241784e+00 3.238741387510399417e+00 -2.365992447277241784e+00 -3.238741387510398972e+00
3.779999999999999716e+01 2.396103186195567947e+00 3.110266084728933844e+00 -2.396103186195567503e+00 -3.110266084728933844e+00
3.779999999999999716e+01 2.396103186195567947e+00 3.110266084728933844e+00 -2.396103186195567503e+00 -3.110266084728933844e+00
3.844444444444444287e+01 2.416916743203589846e+00 2.954809744141456473e+00 -2.416916743203589402e+00 -2.954809744141456473e+00
3.908888888888888857e+01 2.421415861427992589e+00 2.767149967866087579e+00 -2.421415861427992589e+00 -2.767149967866086691e+00
3.973333333333332718e+01 2.398829429210429964e+00 2.541876580076736669e+00 -2.398829429210430408e+00 -2.541876580076736669e+00
4.037777777777777288e+01 2.332683081578719619e+00 2.274251805095834023e+00 -2.332683081578720063e+00 -2.274251805095834023e+00
4.102222222222221859e+01 2.197414725831076332e+00 1.962123457544526106e+00 -2.197414725831076332e+00 -1.962123457544525662e+00
4.166666666666666430e+01 1.951473975923778026e+00 1.610701970404150085e+00 -1.951473975923777804e+00 -1.610701970404150307e+00
4.231111111111111001e+01 1.519096536365858174e+00 1.248677505272651089e+00 -1.519096536365858174e+00 -1.248677505272651311e+00
4.295555555555554861e+01 7.389220911643661349e-01 1.043668011650564775e+00 -7.389220911643669121e-01 -1.043668011650563887e+00
4.359999999999999432e+01 1.712962922005731650e-02 1.562292609418047817e+00 -1.712962922005730609e-02 -1.562292609418048484e+00
4.359999999999999432e+01 1.712962922005731650e-02 1.562292609418047817e+00 -1.712962922005730609e-02 -1.562292609418048484e+00
4.424444444444444002e+01 1.272694941382679079e-01 -2.074539492465868662e+00 -1.272694941382676026e-01 2.074539492465873103e+00
4.488888888888888573e+01 1.802864594033867507e-01 -2.432439014086771767e+00 -1.802864594033861678e-01 2.432439014086776208e+00
4.553333333333333144e+01 8.878558508258015403e-01 -2.864865898287842327e+00 -8.878558508258035387e-01 2.864865898287842771e+00
4.617777777777777004e+01 1.378711031292032985e+00 -1.756557814925030048e+00 -1.378711031292036315e+00 1.756557814925037375e+00
4.746666666666666146e+01 1.333899796359125256e+00 1.709399092088304650e+00 -1.333899796359127032e+00 -1.709399092088305094e+00
4.811111111111110716e+01 1.084695556441014563e+00 2.421679728443822288e+00 -1.084695556441011233e+00 -2.421679728443819180e+00
4.875555555555555287e+01 2.759584764150247449e-01 2.165637521883513994e+00 -2.759584764150251890e-01 -2.165637521883514882e+00
4.939999999999999147e+01 7.876636950746689070e-02 6.636989084381743620e-01 -7.876636950746764010e-02 -6.636989084381679227e-01
4.939999999999999147e+01 7.876636950746689070e-02 6.636989084381743620e-01 -7.876636950746764010e-02 -6.636989084381679227e-01
5.004444444444443718e+01 2.180232709316551443e+00 -6.454746470354830734e-01 -2.180232709316553663e+00 6.454746470354821852e-01
5.068888888888888289e+01 3.155898037332083739e+00 -1.325875881621249475e+00 -3.155898037332084183e+00 1.325875881621249253e+00
5.133333333333332860e+01 3.788825551988440843e+00 -2.039015134110646610e+00 -3.788825551988440399e+00 2.039015134110647054e+00
5.197777777777777430e+01 4.224518561364110525e+00 -2.729813843867844092e+00 -4.224518561364110525e+00 2.729813843867844536e+00
5.262222222222222001e+01 4.541380630123034834e+00 -3.380941115135613018e+00 -4.541380630123034834e+00 3.380941115135613018e+00
5.326666666666665861e+01 4.787752440436229939e+00 -3.992708974814304312e+00 -4.787752440436229939e+00 3.992708974814303868e+00
5.391111111111110432e+01 4.994533418107045541e+00 -4.572195314769111008e+00 -4.994533418107045541e+00 4.572195314769111008e+00
5.455555555555555003e+01 5.182197677911289269e+00 -5.128444289561920222e+00 -5.182197677911288380e+00 5.128444289561921110e+00
5.519999999999999574e+01 5.365100259609581812e+00 -5.670619504805870292e+00 -5.365100259609581812e+00 5.670619504805869404e+00
5.519999999999999574e+01 5.365100259609581812e+00 -5.670619504805870292e+00 -5.365100259609581812e+00 5.670619504805869404e+00
5.584444444444444144e+01 5.554195812943394372e+00 -6.207479447026117647e+00 -5.554195812943395261e+00 6.207479447026116759e+00
5.648888888888888005e+01 5.758843862912927491e+00 -6.747409035520431253e+00 -5.758843862912928380e+00 6.747409035520432141e+00
5.713333333333332575e+01 5.988160547313809090e+00 -7.298668823345682455e+00 -5.988160547313809978e+00 7.298668823345682455e+00
5.777777777777777146e+01 6.252280718164334949e+00 -7.869702069520253751e+00 -6.252280718164334949e+00 7.869702069520253751e+00
6.551111111111110574e+01 6.372527936914712754e+00 1.782349351568439388e+01 -6.372527936914712754e+00 -1.782349351568439388e+01
6.679999999999999716e+01 1.235918818786555562e+01 3.891739995876038449e+01 -1.235918818786555207e+01 -3.891739995876038449e+01
