9.444444444444442865e+00 1.664534821241489881e+00 2.886469115624092030e+00 -1.664534821241489659e+00 -2.886469115624092030e+00
9.444444444444442865e+00 1.664534821241489881e+00 2.886469115624092030e+00 -1.664534821241489659e+00 -2.886469115624092030e+00
1.008888888888888857e+01 1.686974388197302277e+00 2.980687760447776391e+00 -1.686974388197302721e+00 -2.980687760447776391e+00
1.073333333333333250e+01 1.703174473535400857e+00 3.065490701865165590e+00 -1.703174473535401523e+00 -3.065490701865165146e+00
1.137777777777777644e+01 1.715068606140057739e+00 3.142027930598935814e+00 -1.715068606140057739e+00 -3.142027930598936258e+00
1.202222222222222214e+01 1.723992456450275323e+00 3.211320121473548728e+00 -1.723992456450275323e+00 -3.211320121473548728e+00
1.266666666666666607e+01 1.730884702862040658e+00 3.274248996312582705e+00 -1.730884702862040436e+00 -3.274248996312583149e+00
1.331111111111111001e+01 1.736415717872521025e+00 3.331567247084961103e+00 -1.736415717872521247e+00 -3.331567247084960659e+00
1.395555555555555394e+01 1.741071517458121054e+00 3.383914589565139686e+00 -1.741071517458121054e+00 -3.383914589565139686e+00
1.459999999999999787e+01 1.745209514786806748e+00 3.431834402120205851e+00 -1.745209514786806970e+00 -3.431834402120205407e+00
1.459999999999999787e+01 1.745209514786806748e+00 3.431834402120205851e+00 -1.745209514786806970e+00 -3.431834402120205407e+00
1.524444444444444358e+01 1.749096190967764475e+00 3.475788840249040224e+00 -1.749096190967764475e+00 -3.475788840249040224e+00
1.588888888888888751e+01 1.752932967273628018e+00 3.516171801953872134e+00 -1.752932967273627796e+00 -3.516171801953872578e+00
1.653333333333333144e+01 1.756874250914907787e+00 3.553319735564351767e+00 -1.756874250914908009e+00 -3.553319735564351767e+00
1.717777777777777715e+01 1.761040207392815304e+00 3.587520511829676018e+00 -1.761040207392815526e+00 -3.587520511829675574e+00
1.782222222222222285e+01 1.765525927247111770e+00 3.619020643325888020e+00 -1.765525927247111770e+00 -3.619020643325888020e+00
1.846666666666666501e+01 1.770408093784585635e+00 3.648031125223619942e+00 -1.770408093784585413e+00 -3.648031125223619942e+00
1.911111111111111072e+01 1.775749896880389311e+00 3.674732136762500545e+00 -1.775749896880389533e+00 -3.674732136762499657e+00
1.975555555555555287e+01 1.781604701521755540e+00 3.699276801922625868e+00 -1.781604701521755318e+00 -3.699276801922625868e+00
2.039999999999999858e+01 1.788018822838658872e+00 3.721794168774503753e+00 -1.788018822838658428e+00 -3.721794168774503753e+00
2.039999999999999858e+01 1.788018822838658872e+00 3.721794168774503753e+00 -1.788018822838658428e+00 -3.721794168774503753e+00
2.104444444444444429e+01 1.795033653685890407e+00 3.742391532562513667e+00 -1.795033653685890185e+00 -3.742391532562514112e+00
2.168888888888888644e+01 1.802687318614521361e+00 3.761156198140604978e+00 -1.802687318614521361e+00 -3.761156198140604978e+00
2.233333333333333215e+01 1.811015977910255481e+00 3.778156752371438110e+00 -1.811015977910255037e+00 -3.778156752371438554e+00
2.297777777777777430e+01 1.820054869861291058e+00 3.793443895614127204e+00 -1.820054869861291280e+00 -3.793443895614127648e+00
2.362222222222222001e+01 1.829839153604029045e+00 3.807050862466351937e+00 -1.829839153604029045e+00 -3.807050862466351937e+00
2.426666666666666572e+01 1.840404595381201824e+00 3.818993444509923840e+00 -1.840404595381202046e+00 -3.818993444509923396e+00
2.491111111111110787e+01 1.851788125375052330e+00 3.829269610970126969e+00 -1.851788125375052552e+00 -3.829269610970126525e+00
2.555555555555555358e+01 1.864028278522597004e+00 3.837858705972716944e+00 -1.864028278522597004e+00 -3.837858705972716500e+00
2.619999999999999574e+01 1.877165519180144626e+00 3.844720182456050850e+00 -1.877165519180144626e+00 -3.844720182456050850e+00
2.619999999999999574e+01 1.877165519180144626e+00 3.844720182456050850e+00 -1.877165519180144626e+00 -3.844720182456050850e+00
2.684444444444444144e+01 1.891242434441588349e+00 3.849791811659901253e+00 -1.891242434441588349e+00 -3.849791811659901253e+00
2.748888888888888715e+01 1.906303762276784886e+00 3.852987282208445663e+00 -1.906303762276785108e+00 -3.852987282208445219e+00
2.813333333333332931e+01 1.922396642670926248e+00 3.854194596987909449e+00 -1.922396642670926026e+00 -3.854194596987909449e+00
2.877777777777777501e+01 1.939572166450920898e+00 3.853279049839137382e+00 -1.939572166450920898e+00 -3.853279049839137382e+00
2.942222222222222072e+01 1.957880014118529965e+00 3.850063097084576835e+00 -1.957880014118529521e+00 -3.850063097084576835e+00
3.006666666666666288e+01 1.977368357821586375e+00 3.844325249479295881e+00 -1.977368357821586375e+00 -3.844325249479296325e+00
3.071111111111110858e+01 1.998081659868456983e+00 3.835793533689712209e+00 -1.998081659868457205e+00 -3.835793533689712209e+00
3.135555555555555429e+01 2.020056526612419745e+00 3.824135378872016044e+00 -2.020056526612419745e+00 -3.824135378872015600e+00
3.199999999999999645e+01 2.043315317500723705e+00 3.808944964134464151e+00 -2.043315317500723705e+00 -3.808944964134464151e+00
3.199999999999999645e+01 2.043315317500723705e+00 3.808944964134464151e+00 -2.043315317500723705e+00 -3.808944964134464151e+00
3.264444444444444571e+01 2.067856386323942974e+00 3.789727465885488478e+00 -2.067856386323942974e+00 -3.789727465885488034e+00
3.328888888888888431e+01 2.093639262050778438e+00 3.765879609541868955e+00 -2.093639262050778438e+00 -3.765879609541868955e+00
3.393333333333333002e+01 2.120562223371515564e+00 3.736666006914124871e+00 -2.120562223371515564e+00 -3.736666006914124427e+00
3.457777777777777573e+01 2.148428458750908820e+00 3.701191087859256879e+00 -2.148428458750907932e+00 -3.701191087859256879e+00
3.522222222222222143e+01 2.176895176593839576e+00 3.658367276962319004e+00 -2.176895176593839576e+00 -3.658367276962319448e+00
3.586666666666666003e+01 2.205397479837392094e+00 3.606881905112001796e+00 -2.205397479837392094e+00 -3.606881905112001352e+00
3.651111111111110574e+01 2.233035468872159424e+00 3.545169021359888539e+00 -2.233035468872159424e+00 -3.545169021359888983e+00
3.715555555555555145e+01 2.258409077423873867e+00 3.471399173232335045e+00 -2.258409077423873867e+00 -3.471399173232335045e+00
3.779999999999999716e+01 2.279381383824153673e+00 3.383512554027191310e+00 -2.279381383824154561e+00 -3.383512554027190866e+00
3.779999999999999716e+01 2.279381383824153673e+00 3.383512554027191310e+00 -2.279381383824154561e+00 -3.383512554027190866e+00
3.844444444444444287e+01 2.292749562521918971e+00 3.279342116034698051e+00 -2.292749562521918971e+00 -3.279342116034698051e+00
3.908888888888888857e+01 2.293807480711565372e+00 3.156909171940526893e+00 -2.293807480711565372e+00 -3.156909171940527337e+00
3.973333333333332718e+01 2.275805043739978384e+00 3.015036519991120212e+00 -2.275805043739978384e+00 -3.015036519991120212e+00
4.037777777777777288e+01 2.229376233943295205e+00 2.854539729308014362e+00 -2.229376233943295205e+00 -2.854539729308015250e+00
4.102222222222221859e+01 2.142224121160814843e+00 2.680474825066297306e+00 -2.142224121160814843e+00 -2.680474825066297750e+00
4.166666666666666430e+01 2.000076245489345261e+00 2.506243226272953262e+00 -2.000076245489345261e+00 -2.506243226272953262e+00
4.231111111111111001e+01 1.792187812682509707e+00 2.360109149933382611e+00 -1.792187812682509485e+00 -2.360109149933383055e+00
4.295555555555554861e+01 1.529295680664457757e+00 2.289328985934995675e+00 -1.529295680664458423e+00 -2.289328985934995231e+00
4.359999999999999432e+01 1.274428610725998112e+00 2.336406809009409447e+00 -1.274428610725997890e+00 -2.336406809009409447e+00
4.359999999999999432e+01 1.274428610725998112e+00 2.336406809009409447e+00 -1.274428610725997890e+00 -2.336406809009409447e+00
4.424444444444444002e+01 1.128542857586573245e+00 2.473460727274156667e+00 -1.128542857586573245e+00 -2.473460727274156667e+00
4.488888888888888573e+01 1.165294288628633490e+00 2.598713539147229579e+00 -1.165294288628633712e+00 -2.598713539147225582e+00
4.553333333333333144e+01 1.422965821924387475e+00 2.451024129048720468e+00 -1.422965821924389251e+00 -2.451024129048723132e+00
4.617777777777777004e+01 1.429503562991417231e+00 1.701251254619331466e+00 -1.429503562991417009e+00 -1.701251254619347231e+00
4.746666666666666146e+01 1.904398223156128278e+00 1.690160675248630895e+00 -1.904398223156125391e+00 -1.690160675248626232e+00
4.811111111111110716e+01 2.027591675376513081e+00 2.178211279708563097e+00 -2.027591675376513969e+00 -2.178211279708562209e+00
4.875555555555555287e+01 2.149912435870506400e+00 2.424468422010951585e+00 -2.149912435870506400e+00 -2.424468422010951585e+00
4.939999999999999147e+01 2.552493048765958950e+00 2.536009235484858237e+00 -2.552493048765957617e+00 -2.536009235484857793e+00
4.939999999999999147e+01 2.552493048765958950e+00 2.536009235484858237e+00 -2.552493048765957617e+00 -2.536009235484857793e+00
5.004444444444443718e+01 3.416255954452878996e+00 2.079298647345965811e+00 -3.416255954452878996e+00 -2.079298647345966700e+00
5.068888888888888289e+01 4.168418370781032500e+00 1.124653084935069547e+00 -4.168418370781032500e+00 -1.124653084935069547e+00
5.133333333333332860e+01 4.723091962695957768e+00 6.914388516605363133e-02 -4.723091962695957768e+00 -6.914388516605361745e-02
5.197777777777777430e+01 5.130491391155561409e+00 -9.286595428615909142e-01 -5.130491391155562297e+00 9.286595428615903591e-01
5.262222222222222001e+01 5.436732823358319422e+00 -1.828226388275405068e+00 -5.436732823358319422e+00 1.828226388275404846e+00
5.326666666666665861e+01 5.681524603527887685e+00 -2.632386662218148210e+00 -5.681524603527887685e+00 2.632386662218148210e+00
5.391111111111110432e+01 5.896063399108957270e+00 -3.357256634163481746e+00 -5.896063399108957270e+00 3.357256634163481301e+00
5.777777777777777146e+01 7.516431547825811244e+00 -6.819904127519239800e+00 -7.516431547825811244e+00 6.819904127519239800e+00
5.842222222222221717e+01 7.939464035586545343e+00 -7.310423824968287576e+00 -7.939464035586545343e+00 7.310423824968287576e+00
5.906666666666666288e+01 8.422541504623350050e+00 -7.780784555288720483e+00 -8.422541504623350050e+00 7.780784555288720483e+00
5.971111111111110858e+01 8.970904010327162226e+00 -8.234883295706630690e+00 -8.970904010327162226e+00 8.234883295706630690e+00
6.422222222222221433e+01 5.258440056470509383e+00 1.143046293016732484e+01 -5.258440056470510271e+00 -1.143046293016732307e+01
6.486666666666666003e+01 6.899657509470918271e+00 1.076439806316975201e+01 -6.899657509470918271e+00 -1.076439806316975201e+01
6.551111111111110574e+01 1.294386661908979264e+01 8.393163161027390018e+00 -1.294386661908979264e+01 -8.393163161027390018e+00
