0.0000 10000000000000.0000
0.0631 10000000000000.0000
0.1261 10000000000000.0000
0.1892 10000000000000.0000
0.2523 10000000000000.0000
0.3153 10000000000000.0000
0.3784 10000000000000.0000
0.4414 10000000000000.0000
0.5045 10000000000000.0000
0.5676 10000000000000.0000
0.6306 10000000000000.0000
0.6937 10000000000000.0000
0.7568 10000000000000.0000
0.8198 10000000000000.0000
0.8829 10000000000000.0000
0.9459 10000000000000.0000
1.0090 10000000000000.0000
1.0721 10000000000000.0000
1.1351 10000000000000.0000
1.1982 10000000000000.0000
1.2613 10000000000000.0000
1.3243 10000000000000.0000
1.3874 10000000000000.0000
1.4505 10000000000000.0000
1.5135 10000000000000.0000
1.5766 10000000000000.0000
1.6396 10000000000000.0000
1.7027 10000000000000.0000
1.7658 10000000000000.0000
1.8288 10000000000000.0000
1.8919 10000000000000.0000
1.9550 10000000000000.0000
2.0180 10000000000000.0000
2.0811 10000000000000.0000
2.1441 10000000000000.0000
2.2072 10000000000000.0000
2.2703 10000000000000.0000
2.3333 10000000000000.0000
2.3964 10000000000000.0000
2.4595 10000000000000.0000
2.5225 10000000000000.0000
2.5856 10000000000000.0000
2.6486 10000000000000.0000
2.7117 10000000000000.0000
2.7748 10000000000000.0000
2.8378 10000000000000.0000
2.9009 10000000000000.0000
2.9640 10000000000000.0000
3.0270 10000000000000.0000
3.0901 10000000000000.0000
3.1532 10000000000000.0000
3.2162 10000000000000.0000
3.2793 10000000000000.0000
3.3423 10000000000000.0000
3.4054 10000000000000.0000
3.4685 10000000000000.0000
3.5315 10000000000000.0000
3.5946 10000000000000.0000
3.6577 10000000000000.0000
3.7207 10000000000000.0000
3.7838 10000000000000.0000
3.8468 10000000000000.0000
3.9099 10000000000000.0000
3.9730 10000000000000.0000
4.0360 10000000000000.0000
4.0991 10000000000000.0000
4.1622 10000000000000.0000
4.2252 10000000000000.0000
4.2883 10000000000000.0000
4.3514 10000000000000.0000
4.4144 10000000000000.0000
4.4775 10000000000000.0000
4.5405 10000000000000.0000
4.6036 10000000000000.0000
4.6667 10000000000000.0000
4.7297 10000000000000.0000
4.7928 10000000000000.0000
4.8559 10000000000000.0000
4.9189 10000000000000.0000
4.9820 10000000000000.0000
5.0450 10000000000000.0000
5.1081 10000000000000.0000
5.1712 10000000000000.0000
5.2342 10000000000000.0000
5.2973 10000000000000.0000
5.3604 10000000000000.0000
5.4234 10000000000000.0000
5.4865 10000000000000.0000
5.5495 10000000000000.0000
5.6126 10000000000000.0000
5.6757 10000000000000.0000
5.7387 10000000000000.0000
5.8018 10000000000000.0000
5.8649 10000000000000.0000
5.9279 10000000000000.0000
5.9910 10000000000000.0000
6.0541 10000000000000.0000
6.1171 10000000000000.0000
6.1802 10000000000000.0000
6.2432 10000000000000.0000
6.3063 10000000000000.0000
6.3694 10000000000000.0000
6.4324 10000000000000.0000
6.4955 10000000000000.0000
6.5586 10000000000000.0000
6.6216 10000000000000.0000
6.6847 10000000000000.0000
6.7477 10000000000000.0000
6.8108 10000000000000.0000
6.8739 10000000000000.0000
6.9369 10000000000000.0000
7.0000 10000000000000.0000
7.0631 10000000000000.0000
7.1261 10000000000000.0000
7.1892 10000000000000.0000
7.2523 10000000000000.0000
7.3153 10000000000000.0000
7.3784 10000000000000.0000
7.4414 10000000000000.0000
7.5045 10000000000000.0000
7.5676 10000000000000.0000
7.6306 10000000000000.0000
7.6937 10000000000000.0000
7.7568 10000000000000.0000
7.8198 10000000000000.0000
7.8829 10000000000000.0000
7.9459 10000000000000.0000
8.0090 10000000000000.0000
8.0721 10000000000000.0000
8.1351 10000000000000.0000
8.1982 10000000000000.0000
8.2613 10000000000000.0000
8.3243 10000000000000.0000
8.3874 10000000000000.0000
8.4505 10000000000000.0000
8.5135 10000000000000.0000
8.5766 10000000000000.0000
8.6396 10000000000000.0000
8.7027 10000000000000.0000
8.7658 10000000000000.0000
8.8288 10000000000000.0000
8.8919 10000000000000.0000
8.9550 10000000000000.0000
9.0180 10000000000000.0000
9.0811 10000000000000.0000
9.1441 10000000000000.0000
9.2072 10000000000000.0000
9.2703 10000000000000.0000
9.3333 10000000000000.0000
9.3964 10000000000000.0000
9.4595 10000000000000.0000
9.5225 10000000000000.0000
9.5856 10000000000000.0000
9.6486 10000000000000.0000
9.7117 10000000000000.0000
9.7748 10000000000000.0000
9.8378 10000000000000.0000
9.9009 10000000000000.0000
9.9640 10000000000000.0000
10.0270 10000000000000.0000
10.0901 10000000000000.0000
10.1532 10000000000000.0000
10.2162 10000000000000.0000
10.2793 10000000000000.0000
10.3423 10000000000000.0000
10.4054 10000000000000.0000
10.4685 10000000000000.0000
10.5315 10000000000000.0000
10.5946 10000000000000.0000
10.6577 10000000000000.0000
10.7207 10000000000000.0000
10.7838 10000000000000.0000
10.8468 10000000000000.0000
10.9099 10000000000000.0000
10.9730 10000000000000.0000
11.0360 10000000000000.0000
11.0991 10000000000000.0000
11.1622 10000000000000.0000
11.2252 10000000000000.0000
11.2883 10000000000000.0000
11.3514 10000000000000.0000
11.4144 10000000000000.0000
11.4775 10000000000000.0000
11.5405 10000000000000.0000
11.6036 10000000000000.0000
11.6667 10000000000000.0000
11.7297 10000000000000.0000
11.7928 10000000000000.0000
11.8559 10000000000000.0000
11.9189 10000000000000.0000
11.9820 10000000000000.0000
12.0450 10000000000000.0000
12.1081 10000000000000.0000
12.1712 10000000000000.0000
12.2342 10000000000000.0000
12.2973 10000000000000.0000
12.3604 10000000000000.0000
12.4234 10000000000000.0000
12.4865 10000000000000.0000
12.5495 10000000000000.0000
12.6126 10000000000000.0000
12.6757 10000000000000.0000
12.7387 10000000000000.0000
12.8018 10000000000000.0000
12.8649 10000000000000.0000
12.9279 10000000000000.0000
12.9910 10000000000000.0000
13.0541 10000000000000.0000
13.1171 10000000000000.0000
13.1802 10000000000000.0000
13.2432 10000000000000.0000
13.3063 10000000000000.0000
13.3694 10000000000000.0000
13.4324 10000000000000.0000
13.4955 10000000000000.0000
13.5586 10000000000000.0000
13.6216 10000000000000.0000
13.6847 10000000000000.0000
13.7477 10000000000000.0000
13.8108 10000000000000.0000
13.8739 10000000000000.0000
13.9369 10000000000000.0000
14.0000 10000000000000.0000
14.0631 10000000000000.0000
14.1261 10000000000000.0000
14.1892 10000000000000.0000
14.2523 10000000000000.0000
14.3153 10000000000000.0000
14.3784 10000000000000.0000
14.4414 10000000000000.0000
14.5045 10000000000000.0000
14.5676 10000000000000.0000
14.6306 10000000000000.0000
14.6937 10000000000000.0000
14.7568 10000000000000.0000
14.8198 10000000000000.0000
14.8829 10000000000000.0000
14.9459 10000000000000.0000
15.0090 10000000000000.0000
15.0721 10000000000000.0000
15.1351 10000000000000.0000
15.1982 10000000000000.0000
15.2613 10000000000000.0000
15.3243 10000000000000.0000
15.3874 10000000000000.0000
15.4505 10000000000000.0000
15.5135 10000000000000.0000
15.5766 10000000000000.0000
15.6396 10000000000000.0000
15.7027 10000000000000.0000
15.7658 10000000000000.0000
15.8288 10000000000000.0000
15.8919 10000000000000.0000
15.9550 10000000000000.0000
16.0180 10000000000000.0000
16.0811 10000000000000.0000
16.1441 10000000000000.0000
16.2072 10000000000000.0000
16.2703 10000000000000.0000
16.3333 10000000000000.0000
16.3964 10000000000000.0000
16.4595 10000000000000.0000
16.5225 10000000000000.0000
16.5856 10000000000000.0000
16.6486 10000000000000.0000
16.7117 10000000000000.0000
16.7748 10000000000000.0000
16.8378 10000000000000.0000
16.9009 10000000000000.0000
16.9640 10000000000000.0000
17.0270 10000000000000.0000
17.0901 10000000000000.0000
17.1532 10000000000000.0000
17.2162 10000000000000.0000
17.2793 10000000000000.0000
17.3423 10000000000000.0000
17.4054 10000000000000.0000
17.4685 10000000000000.0000
17.5315 10000000000000.0000
17.5946 10000000000000.0000
17.6577 10000000000000.0000
17.7207 10000000000000.0000
17.7838 10000000000000.0000
17.8468 10000000000000.0000
17.9099 10000000000000.0000
17.9730 10000000000000.0000
18.0360 10000000000000.0000
18.0991 10000000000000.0000
18.1622 10000000000000.0000
18.2252 10000000000000.0000
18.2883 10000000000000.0000
18.3514 10000000000000.0000
18.4144 10000000000000.0000
18.4775 10000000000000.0000
18.5405 10000000000000.0000
18.6036 10000000000000.0000
18.6667 10000000000000.0000
18.7297 10000000000000.0000
18.7928 10000000000000.0000
18.8559 10000000000000.0000
18.9189 10000000000000.0000
18.9820 10000000000000.0000
19.0450 10000000000000.0000
19.1081 10000000000000.0000
19.1712 10000000000000.0000
19.2342 10000000000000.0000
19.2973 10000000000000.0000
19.3604 10000000000000.0000
19.4234 10000000000000.0000
19.4865 10000000000000.0000
19.5495 10000000000000.0000
19.6126 10000000000000.0000
19.6757 10000000000000.0000
19.7387 10000000000000.0000
19.8018 10000000000000.0000
19.8649 10000000000000.0000
19.9279 10000000000000.0000
19.9910 10000000000000.0000
20.0541 10000000000000.0000
20.1171 10000000000000.0000
20.1802 10000000000000.0000
20.2432 10000000000000.0000
20.3063 10000000000000.0000
20.3694 10000000000000.0000
20.4324 10000000000000.0000
20.4955 10000000000000.0000
20.5586 10000000000000.0000
20.6216 10000000000000.0000
20.6847 10000000000000.0000
20.7477 10000000000000.0000
20.8108 10000000000000.0000
20.8739 10000000000000.0000
20.9369 10000000000000.0000
21.0000 10000000000000.0000
21.0631 10000000000000.0000
21.1261 10000000000000.0000
21.1892 10000000000000.0000
21.2523 10000000000000.0000
21.3153 10000000000000.0000
21.3784 10000000000000.0000
21.4414 10000000000000.0000
21.5045 10000000000000.0000
21.5676 10000000000000.0000
21.6306 10000000000000.0000
21.6937 10000000000000.0000
21.7568 10000000000000.0000
21.8198 10000000000000.0000
21.8829 10000000000000.0000
21.9459 10000000000000.0000
22.0090 10000000000000.0000
22.0721 10000000000000.0000
22.1351 10000000000000.0000
22.1982 10000000000000.0000
22.2613 10000000000000.0000
22.3243 10000000000000.0000
22.3874 10000000000000.0000
22.4505 10000000000000.0000
22.5135 10000000000000.0000
22.5766 10000000000000.0000
22.6396 10000000000000.0000
22.7027 10000000000000.0000
22.7658 10000000000000.0000
22.8288 10000000000000.0000
22.8919 10000000000000.0000
22.9550 10000000000000.0000
23.0180 10000000000000.0000
23.0811 10000000000000.0000
23.1441 10000000000000.0000
23.2072 10000000000000.0000
23.2703 10000000000000.0000
23.3333 10000000000000.0000
23.3964 10000000000000.0000
23.4595 10000000000000.0000
23.5225 10000000000000.0000
23.5856 10000000000000.0000
23.6486 10000000000000.0000
23.7117 10000000000000.0000
23.7748 10000000000000.0000
23.8378 10000000000000.0000
23.9009 10000000000000.0000
23.9640 10000000000000.0000
24.0270 10000000000000.0000
24.0901 10000000000000.0000
24.1532 10000000000000.0000
24.2162 10000000000000.0000
24.2793 10000000000000.0000
24.3423 10000000000000.0000
24.4054 10000000000000.0000
24.4685 10000000000000.0000
24.5315 10000000000000.0000
24.5946 10000000000000.0000
24.6577 10000000000000.0000
24.7207 10000000000000.0000
24.7838 10000000000000.0000
24.8468 10000000000000.0000
24.9099 10000000000000.0000
24.9730 10000000000000.0000
25.0360 10000000000000.0000
25.0991 10000000000000.0000
25.1622 10000000000000.0000
25.2252 10000000000000.0000
25.2883 10000000000000.0000
25.3514 10000000000000.0000
25.4144 10000000000000.0000
25.4775 10000000000000.0000
25.5405 10000000000000.0000
25.6036 10000000000000.0000
25.6667 10000000000000.0000
25.7297 10000000000000.0000
25.7928 10000000000000.0000
25.8559 10000000000000.0000
25.9189 10000000000000.0000
25.9820 10000000000000.0000
26.0450 10000000000000.0000
26.1081 10000000000000.0000
26.1712 10000000000000.0000
26.2342 10000000000000.0000
26.2973 10000000000000.0000
26.3604 10000000000000.0000
26.4234 10000000000000.0000
26.4865 10000000000000.0000
26.5495 10000000000000.0000
26.6126 10000000000000.0000
26.6757 10000000000000.0000
26.7387 10000000000000.0000
26.8018 10000000000000.0000
26.8649 10000000000000.0000
26.9279 10000000000000.0000
26.9910 10000000000000.0000
27.0541 10000000000000.0000
27.1171 10000000000000.0000
27.1802 10000000000000.0000
27.2432 10000000000000.0000
27.3063 10000000000000.0000
27.3694 10000000000000.0000
27.4324 10000000000000.0000
27.4955 10000000000000.0000
27.5586 10000000000000.0000
27.6216 10000000000000.0000
27.6847 10000000000000.0000
27.7477 10000000000000.0000
27.8108 10000000000000.0000
27.8739 10000000000000.0000
27.9369 10000000000000.0000
28.0000 10000000000000.0000
28.0631 10000000000000.0000
28.1261 10000000000000.0000
28.1892 10000000000000.0000
28.2523 10000000000000.0000
28.3153 10000000000000.0000
28.3784 10000000000000.0000
28.4414 10000000000000.0000
28.5045 10000000000000.0000
28.5676 10000000000000.0000
28.6306 10000000000000.0000
28.6937 10000000000000.0000
28.7568 10000000000000.0000
28.8198 10000000000000.0000
28.8829 10000000000000.0000
28.9459 10000000000000.0000
29.0090 10000000000000.0000
29.0721 10000000000000.0000
29.1351 10000000000000.0000
29.1982 10000000000000.0000
29.2613 10000000000000.0000
29.3243 10000000000000.0000
29.3874 10000000000000.0000
29.4505 10000000000000.0000
29.5135 10000000000000.0000
29.5766 10000000000000.0000
29.6396 10000000000000.0000
29.7027 10000000000000.0000
29.7658 10000000000000.0000
29.8288 10000000000000.0000
29.8919 10000000000000.0000
29.9550 10000000000000.0000
30.0180 10000000000000.0000
30.0811 10000000000000.0000
30.1441 10000000000000.0000
30.2072 10000000000000.0000
30.2703 10000000000000.0000
30.3333 10000000000000.0000
30.3964 10000000000000.0000
30.4595 10000000000000.0000
30.5225 10000000000000.0000
30.5856 10000000000000.0000
30.6486 10000000000000.0000
30.7117 10000000000000.0000
30.7748 10000000000000.0000
30.8378 10000000000000.0000
30.9009 10000000000000.0000
30.9640 10000000000000.0000
31.0270 10000000000000.0000
31.0901 10000000000000.0000
31.1532 10000000000000.0000
31.2162 10000000000000.0000
31.2793 10000000000000.0000
31.3423 10000000000000.0000
31.4054 10000000000000.0000
31.4685 10000000000000.0000
31.5315 10000000000000.0000
31.5946 10000000000000.0000
31.6577 10000000000000.0000
31.7207 10000000000000.0000
31.7838 10000000000000.0000
31.8468 10000000000000.0000
31.9099 10000000000000.0000
31.9730 10000000000000.0000
32.0360 10000000000000.0000
32.0991 10000000000000.0000
32.1622 10000000000000.0000
32.2252 10000000000000.0000
32.2883 10000000000000.0000
32.3514 10000000000000.0000
32.4144 10000000000000.0000
32.4775 10000000000000.0000
32.5405 10000000000000.0000
32.6036 10000000000000.0000
32.6667 10000000000000.0000
32.7297 10000000000000.0000
32.7928 10000000000000.0000
32.8559 10000000000000.0000
32.9189 10000000000000.0000
32.9820 10000000000000.0000
33.0450 10000000000000.0000
33.1081 10000000000000.0000
33.1712 10000000000000.0000
33.2342 10000000000000.0000
33.2973 10000000000000.0000
33.3604 10000000000000.0000
33.4234 10000000000000.0000
33.4865 10000000000000.0000
33.5495 10000000000000.0000
33.6126 10000000000000.0000
33.6757 10000000000000.0000
33.7387 10000000000000.0000
33.8018 10000000000000.0000
33.8649 10000000000000.0000
33.9279 10000000000000.0000
33.9910 10000000000000.0000
34.0541 10000000000000.0000
34.1171 10000000000000.0000
34.1802 10000000000000.0000
34.2432 10000000000000.0000
34.3063 10000000000000.0000
34.3694 10000000000000.0000
34.4324 10000000000000.0000
34.4955 10000000000000.0000
34.5586 10000000000000.0000
34.6216 10000000000000.0000
34.6847 10000000000000.0000
34.7477 10000000000000.0000
34.8108 10000000000000.0000
34.8739 10000000000000.0000
34.9369 10000000000000.0000
35.0000 10000000000000.0000
35.0631 10000000000000.0000
35.1261 10000000000000.0000
35.1892 10000000000000.0000
35.2523 10000000000000.0000
35.3153 10000000000000.0000
35.3784 10000000000000.0000
35.4414 10000000000000.0000
35.5045 10000000000000.0000
35.5676 10000000000000.0000
35.6306 10000000000000.0000
35.6937 10000000000000.0000
35.7568 10000000000000.0000
35.8198 10000000000000.0000
35.8829 10000000000000.0000
35.9459 10000000000000.0000
36.0090 10000000000000.0000
36.0721 10000000000000.0000
36.1351 10000000000000.0000
36.1982 10000000000000.0000
36.2613 10000000000000.0000
36.3243 10000000000000.0000
36.3874 10000000000000.0000
36.4505 10000000000000.0000
36.5135 10000000000000.0000
36.5766 10000000000000.0000
36.6396 10000000000000.0000
36.7027 10000000000000.0000
36.7658 10000000000000.0000
36.8288 10000000000000.0000
36.8919 10000000000000.0000
36.9550 10000000000000.0000
37.0180 10000000000000.0000
37.0811 10000000000000.0000
37.1441 10000000000000.0000
37.2072 10000000000000.0000
37.2703 10000000000000.0000
37.3333 10000000000000.0000
37.3964 10000000000000.0000
37.4595 10000000000000.0000
37.5225 10000000000000.0000
37.5856 10000000000000.0000
37.6486 10000000000000.0000
37.7117 10000000000000.0000
37.7748 10000000000000.0000
37.8378 10000000000000.0000
37.9009 10000000000000.0000
37.9640 10000000000000.0000
38.0270 10000000000000.0000
38.0901 10000000000000.0000
38.1532 10000000000000.0000
38.2162 10000000000000.0000
38.2793 10000000000000.0000
38.3423 10000000000000.0000
38.4054 10000000000000.0000
38.4685 10000000000000.0000
38.5315 10000000000000.0000
38.5946 10000000000000.0000
38.6577 10000000000000.0000
38.7207 10000000000000.0000
38.7838 10000000000000.0000
38.8468 10000000000000.0000
38.9099 10000000000000.0000
38.9730 10000000000000.0000
39.0360 10000000000000.0000
39.0991 10000000000000.0000
39.1622 10000000000000.0000
39.2252 10000000000000.0000
39.2883 10000000000000.0000
39.3514 10000000000000.0000
39.4144 10000000000000.0000
39.4775 10000000000000.0000
39.5405 10000000000000.0000
39.6036 10000000000000.0000
39.6667 10000000000000.0000
39.7297 10000000000000.0000
39.7928 10000000000000.0000
39.8559 10000000000000.0000
39.9189 10000000000000.0000
39.9820 10000000000000.0000
40.0450 10000000000000.0000
40.1081 10000000000000.0000
40.1712 10000000000000.0000
40.2342 10000000000000.0000
40.2973 10000000000000.0000
40.3604 10000000000000.0000
40.4234 10000000000000.0000
40.4865 10000000000000.0000
40.5495 10000000000000.0000
40.6126 10000000000000.0000
40.6757 10000000000000.0000
40.7387 10000000000000.0000
40.8018 10000000000000.0000
40.8649 10000000000000.0000
40.9279 10000000000000.0000
40.9910 10000000000000.0000
41.0541 10000000000000.0000
41.1171 10000000000000.0000
41.1802 10000000000000.0000
41.2432 10000000000000.0000
41.3063 10000000000000.0000
41.3694 10000000000000.0000
41.4324 10000000000000.0000
41.4955 10000000000000.0000
41.5586 10000000000000.0000
41.6216 10000000000000.0000
41.6847 10000000000000.0000
41.7477 10000000000000.0000
41.8108 10000000000000.0000
41.8739 10000000000000.0000
41.9369 10000000000000.0000
42.0000 10000000000000.0000
42.0631 10000000000000.0000
42.1261 10000000000000.0000
42.1892 10000000000000.0000
42.2523 10000000000000.0000
42.3153 10000000000000.0000
42.3784 10000000000000.0000
42.4414 10000000000000.0000
42.5045 10000000000000.0000
42.5676 10000000000000.0000
42.6306 10000000000000.0000
42.6937 10000000000000.0000
42.7568 10000000000000.0000
42.8198 10000000000000.0000
42.8829 10000000000000.0000
42.9459 10000000000000.0000
43.0090 10000000000000.0000
43.0721 10000000000000.0000
43.1351 10000000000000.0000
43.1982 10000000000000.0000
43.2613 10000000000000.0000
43.3243 10000000000000.0000
43.3874 10000000000000.0000
43.4505 10000000000000.0000
43.5135 10000000000000.0000
43.5766 10000000000000.0000
43.6396 10000000000000.0000
43.7027 10000000000000.0000
43.7658 10000000000000.0000
43.8288 10000000000000.0000
43.8919 10000000000000.0000
43.9550 10000000000000.0000
44.0180 10000000000000.0000
44.0811 10000000000000.0000
44.1441 10000000000000.0000
44.2072 10000000000000.0000
44.2703 10000000000000.0000
44.3333 10000000000000.0000
44.3964 10000000000000.0000
44.4595 10000000000000.0000
44.5225 10000000000000.0000
44.5856 10000000000000.0000
44.6486 10000000000000.0000
44.7117 10000000000000.0000
44.7748 10000000000000.0000
44.8378 10000000000000.0000
44.9009 10000000000000.0000
44.9640 10000000000000.0000
45.0270 10000000000000.0000
45.0901 10000000000000.0000
45.1532 10000000000000.0000
45.2162 10000000000000.0000
45.2793 10000000000000.0000
45.3423 10000000000000.0000
45.4054 10000000000000.0000
45.4685 10000000000000.0000
45.5315 10000000000000.0000
45.5946 10000000000000.0000
45.6577 10000000000000.0000
45.7207 10000000000000.0000
45.7838 10000000000000.0000
45.8468 10000000000000.0000
45.9099 10000000000000.0000
45.9730 10000000000000.0000
46.0360 10000000000000.0000
46.0991 10000000000000.0000
46.1622 10000000000000.0000
46.2252 10000000000000.0000
46.2883 10000000000000.0000
46.3514 10000000000000.0000
46.4144 10000000000000.0000
46.4775 10000000000000.0000
46.5405 10000000000000.0000
46.6036 10000000000000.0000
46.6667 10000000000000.0000
46.7297 10000000000000.0000
46.7928 10000000000000.0000
46.8559 10000000000000.0000
46.9189 10000000000000.0000
46.9820 10000000000000.0000
47.0450 10000000000000.0000
47.1081 10000000000000.0000
47.1712 10000000000000.0000
47.2342 10000000000000.0000
47.2973 10000000000000.0000
47.3604 10000000000000.0000
47.4234 10000000000000.0000
47.4865 10000000000000.0000
47.5495 10000000000000.0000
47.6126 10000000000000.0000
47.6757 10000000000000.0000
47.7387 10000000000000.0000
47.8018 10000000000000.0000
47.8649 10000000000000.0000
47.9279 10000000000000.0000
47.9910 10000000000000.0000
48.0541 10000000000000.0000
48.1171 10000000000000.0000
48.1802 10000000000000.0000
48.2432 10000000000000.0000
48.3063 10000000000000.0000
48.3694 10000000000000.0000
48.4324 10000000000000.0000
48.4955 10000000000000.0000
48.5586 10000000000000.0000
48.6216 10000000000000.0000
48.6847 10000000000000.0000
48.7477 10000000000000.0000
48.8108 10000000000000.0000
48.8739 10000000000000.0000
48.9369 10000000000000.0000
49.0000 10000000000000.0000
49.0631 10000000000000.0000
49.1261 10000000000000.0000
49.1892 10000000000000.0000
49.2523 10000000000000.0000
49.3153 10000000000000.0000
49.3784 10000000000000.0000
49.4414 10000000000000.0000
49.5045 10000000000000.0000
49.5676 10000000000000.0000
49.6306 10000000000000.0000
49.6937 10000000000000.0000
49.7568 10000000000000.0000
49.8198 10000000000000.0000
49.8829 10000000000000.0000
49.9459 10000000000000.0000
50.0090 10000000000000.0000
50.0721 10000000000000.0000
50.1351 10000000000000.0000
50.1982 10000000000000.0000
50.2613 10000000000000.0000
50.3243 10000000000000.0000
50.3874 10000000000000.0000
50.4505 10000000000000.0000
50.5135 10000000000000.0000
50.5766 10000000000000.0000
50.6396 10000000000000.0000
50.7027 10000000000000.0000
50.7658 10000000000000.0000
50.8288 10000000000000.0000
50.8919 10000000000000.0000
50.9550 10000000000000.0000
51.0180 10000000000000.0000
51.0811 10000000000000.0000
51.1441 10000000000000.0000
51.2072 10000000000000.0000
51.2703 10000000000000.0000
51.3333 10000000000000.0000
51.3964 10000000000000.0000
51.4595 10000000000000.0000
51.5225 10000000000000.0000
51.5856 10000000000000.0000
51.6486 10000000000000.0000
51.7117 10000000000000.0000
51.7748 10000000000000.0000
51.8378 10000000000000.0000
51.9009 10000000000000.0000
51.9640 10000000000000.0000
52.0270 10000000000000.0000
52.0901 10000000000000.0000
52.1532 10000000000000.0000
52.2162 10000000000000.0000
52.2793 10000000000000.0000
52.3423 10000000000000.0000
52.4054 10000000000000.0000
52.4685 10000000000000.0000
52.5315 10000000000000.0000
52.5946 10000000000000.0000
52.6577 10000000000000.0000
52.7207 10000000000000.0000
52.7838 10000000000000.0000
52.8468 10000000000000.0000
52.9099 10000000000000.0000
52.9730 10000000000000.0000
53.0360 10000000000000.0000
53.0991 10000000000000.0000
53.1622 10000000000000.0000
53.2252 10000000000000.0000
53.2883 10000000000000.0000
53.3514 10000000000000.0000
53.4144 10000000000000.0000
53.4775 10000000000000.0000
53.5405 10000000000000.0000
53.6036 10000000000000.0000
53.6667 10000000000000.0000
53.7297 10000000000000.0000
53.7928 10000000000000.0000
53.8559 10000000000000.0000
53.9189 10000000000000.0000
53.9820 10000000000000.0000
54.0450 10000000000000.0000
54.1081 10000000000000.0000
54.1712 10000000000000.0000
54.2342 10000000000000.0000
54.2973 10000000000000.0000
54.3604 10000000000000.0000
54.4234 10000000000000.0000
54.4865 10000000000000.0000
54.5495 10000000000000.0000
54.6126 10000000000000.0000
54.6757 10000000000000.0000
54.7387 10000000000000.0000
54.8018 10000000000000.0000
54.8649 10000000000000.0000
54.9279 10000000000000.0000
54.9910 10000000000000.0000
55.0541 10000000000000.0000
55.1171 10000000000000.0000
55.1802 10000000000000.0000
55.2432 10000000000000.0000
55.3063 10000000000000.0000
55.3694 10000000000000.0000
55.4324 10000000000000.0000
55.4955 10000000000000.0000
55.5586 10000000000000.0000
55.6216 10000000000000.0000
55.6847 10000000000000.0000
55.7477 10000000000000.0000
55.8108 10000000000000.0000
55.8739 10000000000000.0000
55.9369 10000000000000.0000
56.0000 10000000000000.0000
56.0631 10000000000000.0000
56.1261 10000000000000.0000
56.1892 10000000000000.0000
56.2523 10000000000000.0000
56.3153 10000000000000.0000
56.3784 10000000000000.0000
56.4414 10000000000000.0000
56.5045 10000000000000.0000
56.5676 10000000000000.0000
56.6306 10000000000000.0000
56.6937 10000000000000.0000
56.7568 10000000000000.0000
56.8198 10000000000000.0000
56.8829 10000000000000.0000
56.9459 10000000000000.0000
57.0090 10000000000000.0000
57.0721 10000000000000.0000
57.1351 10000000000000.0000
57.1982 10000000000000.0000
57.2613 10000000000000.0000
57.3243 10000000000000.0000
57.3874 10000000000000.0000
57.4505 10000000000000.0000
57.5135 10000000000000.0000
57.5766 10000000000000.0000
57.6396 10000000000000.0000
57.7027 10000000000000.0000
57.7658 10000000000000.0000
57.8288 10000000000000.0000
57.8919 10000000000000.0000
57.9550 10000000000000.0000
58.0180 10000000000000.0000
58.0811 10000000000000.0000
58.1441 10000000000000.0000
58.2072 10000000000000.0000
58.2703 10000000000000.0000
58.3333 10000000000000.0000
58.3964 10000000000000.0000
58.4595 10000000000000.0000
58.5225 10000000000000.0000
58.5856 10000000000000.0000
58.6486 10000000000000.0000
58.7117 10000000000000.0000
58.7748 10000000000000.0000
58.8378 10000000000000.0000
58.9009 10000000000000.0000
58.9640 10000000000000.0000
59.0270 10000000000000.0000
59.0901 10000000000000.0000
59.1532 10000000000000.0000
59.2162 10000000000000.0000
59.2793 10000000000000.0000
59.3423 10000000000000.0000
59.4054 10000000000000.0000
59.4685 10000000000000.0000
59.5315 10000000000000.0000
59.5946 10000000000000.0000
59.6577 10000000000000.0000
59.7207 10000000000000.0000
59.7838 10000000000000.0000
59.8468 10000000000000.0000
59.9099 10000000000000.0000
59.9730 10000000000000.0000
60.0360 10000000000000.0000
60.0991 10000000000000.0000
60.1622 10000000000000.0000
60.2252 10000000000000.0000
60.2883 10000000000000.0000
60.3514 10000000000000.0000
60.4144 10000000000000.0000
60.4775 10000000000000.0000
60.5405 10000000000000.0000
60.6036 10000000000000.0000
60.6667 10000000000000.0000
60.7297 10000000000000.0000
60.7928 10000000000000.0000
60.8559 10000000000000.0000
60.9189 10000000000000.0000
60.9820 10000000000000.0000
61.0450 10000000000000.0000
61.1081 10000000000000.0000
61.1712 10000000000000.0000
61.2342 10000000000000.0000
61.2973 10000000000000.0000
61.3604 10000000000000.0000
61.4234 10000000000000.0000
61.4865 10000000000000.0000
61.5495 10000000000000.0000
61.6126 10000000000000.0000
61.6757 10000000000000.0000
61.7387 10000000000000.0000
61.8018 10000000000000.0000
61.8649 10000000000000.0000
61.9279 10000000000000.0000
61.9910 10000000000000.0000
62.0541 10000000000000.0000
62.1171 10000000000000.0000
62.1802 10000000000000.0000
62.2432 10000000000000.0000
62.3063 10000000000000.0000
62.3694 10000000000000.0000
62.4324 10000000000000.0000
62.4955 10000000000000.0000
62.5586 10000000000000.0000
62.6216 10000000000000.0000
62.6847 10000000000000.0000
62.7477 10000000000000.0000
62.8108 10000000000000.0000
62.8739 10000000000000.0000
62.9369 10000000000000.0000
63.0000 10000000000000.0000
